max: 10.000000
min: 1.000000
average: 5.50
